Name        Id          Range_low        Range_high       CB_mean      CB_sigma    CB_alpha1      CB_alpha2      CB_n1          CB_n2  
Si1_21      20          0.20             8.0              0.2825       0.07016     0.6            5              9              12      
Si1_22      21          0.20             8.0              0.3375       0.06934     0.6            5              9              12      
Si1_23      22          0.20             8.0              0.3925       0.07065     0.6            5              9              12      
Si1_24      23          0.20             8.0              0.4225       0.09051     0.6            5              9              10      
Si1_25      24          0.20             8.0              0.5025       0.06361     1.0            3              6              10      
Si1_26      25          0.40             8.0              0.5325       0.08937     1.0            2.95584        6              10      
Si1_27      26          0.40             8.0              0.6125       0.07564     1.0            2.9            6              10      
Si1_28      27          0.40             8.0              0.6675       0.08309     1.00665        2.22295        6.29573        2.71911
Si1_29      28          0.40             8.0              0.7375       0.08461     1.10349        1.83873        8.99998        9.9999 
Si1_30      29          0.40             8.0              0.8125       0.08270     1.35413        1.72535        8.99975        10     
Si1_31      30          0.40             8.0              0.8825       0.08139     3.40602        2.11397        7.563          10     
Si1_32      31          0.40             8.0              0.9575       0.08340     1.63148        1.98863        8.99996        10     
Si1_33      32          0.40             8.0              1.0325       0.08460     1.49748        2.12472        8.99948        9.90321
Si1_34      33          0.40             8.0              1.1225       0.08504     1.45719        2.33776        8.99168        10     
Si1_35      34          0.40             8.0              1.1925       0.08739     1.32617        2.11441        8.99977        3.61319
Si1_36      35          0.40             8.0              1.2775       0.08800     1.32727        1.8564         8.41114        9.99997
Si1_37      36          0.40             8.0              1.3625       0.08885     1.46011        1.9485         6.68513        9.9984 
Si1_38      37          0.40             8.0              1.4575       0.08948     1.52161        2.02577        8.99985        9.99987
Si1_39      38          0.40             8.0              1.5525       0.08984     1.53195        2.14832        8.99995        4.21233
Si1_40      39          0.40             8.0              1.6425       0.09156     1.47167        1.87694        8.99999        9.99994
Si1_41      40          0.40             8.0              1.7475       0.09241     1.47231        2.23727        8.99981        10     
Si1_42      41          0.40             8.0              1.8475       0.09313     1.51888        2.10773        4.99972        10     
Si1_43      42          0.40             8.0              1.9525       0.09505     1.4543         2.04698        8.99882        10     
Si1_44      43          0.40             8.0              2.0575       0.09620     1.41643        1.97295        8.99933        9.40533
Si1_45      44          0.40             8.0              2.1725       0.09789     1.54071        2.28956        8.52741        4.4158 
Si1_46      45          0.40             8.0              2.2875       0.09891     1.6157         2.34238        3.49341        3.96647
Si1_47      46          0.40             8.0              2.4075       0.10098     1.45658        2.10025        8.70484        9.99972
Si2_2       16777217    0.40             8.0              0.8025       0.07803     1.42785        5.18076        8.73219        7.55618
Si2_3       16777218    0.40             8.0              0.8575       0.08523     1.19628        1.91687        8.99999        10     
Si2_4       16777219    0.40             8.0              0.9375       0.08273     3.95885        5.0358         7.49826        9.9354 
Si2_5       16777220    0.40             8.0              1.0175       0.08430     1.44795        2.10499        8.99543        10     
Si2_6       16777221    0.40             8.0              1.0975       0.08498     1.71517        2.35554        8.9999         10     
Si2_7       16777222    0.40             8.0              1.1675       0.08688     1.46729        2.0000         5              9.99979
Si2_8       16777223    0.40             8.0              1.2525       0.08854     1.26761        2.04293        8.99997        10     
Si2_9       16777224    0.40             8.0              1.3475       0.08899     1.4211         4.843          8.9565         6.50718
Si2_10      16777225    0.40             8.0              1.4425       0.08992     1.42577        2.61202        8.99843        2.16604
Si2_11      16777226    0.40             8.0              1.5275       0.09044     1.39598        1.96449        8.99974        7.53323
Si2_12      16777227    0.40             8.0              1.6325       0.09102     1.45624        2.08964        8.99998        9.9999 
Si2_13      16777228    0.40             8.0              1.7225       0.09298     1.50887        1.96395        4.73859        6.60596
Si2_14      16777229    0.40             8.0              1.8275       0.09407     1.45343        2.10988        4.99996        9.99984
Si2_15      16777230    0.40             8.0              1.9375       0.09488     1.45294        2.10818        8.99952        6.00861
Si2_16      16777231    0.40             8.0              2.0325       0.09677     1.58496        2.11587        6.17756        6.43579
Si2_17      16777232    0.40             8.0              2.1525       0.09827     1.4669         2.04618        8.98756        10     
Si2_18      16777233    0.40             8.0              2.2675       0.09957     1.54576        2.22084        6.77965        4.70585
Si2_19      16777234    0.40             8.0              2.3775       0.10185     1.52961        2.06864        7.96486        9.99759
Si2_20      16777235    0.40             8.0              2.5025       0.10272     1.45265        2.32535        8.99078        5.51536
Si2_21      16777236    0.40             8.0              2.6275       0.10368     1.55861        2.23571        5.55892        5.5624 
Si2_22      16777237    0.40             8.0              2.7475       0.10527     1.518          2.10373        6.37567        8.9046 
Si2_23      16777238    0.40             8.0              2.8725       0.10870     1.51993        2.37018        8.9999         4.1227 
Si2_24      16777239    0.40             8.0              3.0075       0.10876     1.59366        2.17844        3.42325        6.67485
Si2_25      16777240    0.40             8.0              3.1375       0.11041     1.82904        2.53431        1.02836        3.33562
Si2_26      16777241    0.40             8.0              3.2825       0.11155     1.57414        2.13263        8.9997         9.99589
Si2_27      16777242    0.40             8.0              3.4125       0.11165     1.53648        2.03591        8.99863        9.99999
Si2_28      16777243    0.40             8.0              3.5575       0.11333     1.46075        2.26603        9              5.025  
Si2_29      16777244    0.40             8.0              3.7025       0.11509     1.64482        2.09402        7.51702        9.99945
Si2_30      16777245    0.40             8.0              3.8525       0.11669     1.63405        2.55775        3.87638        2.89279
Si2_31      16777246    0.40             8.0              4.0025       0.11745     1.66425        2.31393        8.99977        4.08322
Si2_32      16777247    0.40             8.0              4.1625       0.11929     1.66123        2.15729        8.99995        8.53045
Si2_33      16777248    0.40             8.0              4.2975       0.12010     1.58854        2.06305        5.00006        9.99999
Si2_34      16777249    0.40             8.0              4.4525       0.12191     1.70243        2.18243        8.41395        9.01067
Si2_35      16777250    0.40             8.0              4.6225       0.12434     1.70265        2.23743        5.0001         9.57701
Si2_36      16777251    0.40             8.0              4.7825       0.12301     1.65828        2.45004        7.10072        3.17056
Si2_37      16777252    0.40             8.0              4.9475       0.12826     1.67139        2.19409        5.00209        7.6998 
Si2_38      16777253    0.40             8.0              5.1225       0.12808     1.69596        2.24931        5.00903        9.26599
