Name        Id          Init_mean      Mean           Sigma          EvtNr          
Ge1_2       33554433    8.93678        8.93678        0.162758       88731.3        
Ge1_3       33554434    9.17065        9.17065        0.163502       89530.7        
Ge1_4       33554435    9.4074         9.40739        0.163748       90041.3        
Ge1_5       33554436    9.63617        9.63617        0.165363       90440.3        
Ge1_6       33554437    9.85793        9.85793        0.168283       91266.7        
Ge1_7       33554438    10.0918        10.0918        0.168697       91184.3        
Ge1_8       33554439    10.3343        10.3343        0.170625       92248.3        
Ge1_9       33554440    10.5717        10.5717        0.173255       94142.3        
Ge1_10      33554441    10.8388        10.8387        0.177968       97532.5        
Ge1_11      33554442    11.0817        11.0817        0.177968       91893.2        
Ge1_12      33554443    11.3468        11.3467        0.18514        99584.9        
Ge1_13      33554444    11.5891        11.5892        0.18514        92289.4        
Ge1_14      33554445    11.8547        11.8547        0.183864       97780.8        
Ge1_15      33554446    12.1089        12.1089        0.183864       96676.8        
Ge1_16      33554447    12.3845        12.3845        0.186281       100710         
Ge1_17      33554448    12.6426        12.6426        0.186281       95509.1        
Ge1_18      33554449    12.9253        12.9253        0.18726        103639         
Ge1_19      33554450    13.1945        13.1945        0.18726        94711.8        
Ge1_20      33554451    13.4756        13.4785        0.194624       107574         
Ge1_21      33554452    13.7525        13.7492        0.194624       93673.3        
Ge1_22      33554453    14.0375        14.0374        0.211285       61184          
Ge1_23      33554454    14.2052        14.2053        0.211285       110391         
Ge1_24      33554455    14.5772        14.5773        0.211285       134345         
Ge1_25      33554456    14.9389        14.9388        0.210767       62177.5        
Ge1_26      33554457    15.1135        15.1135        0.210767       105509         
Ge1_27      33554458    15.4853        15.4853        0.210767       143201         
Ge1_28      33554459    15.7518        15.7581        0.210888       98984.2        
Ge1_29      33554460    15.9933        15.9747        0.210888       82114.7        
Ge1_30      33554461    16.3141        16.3035        0.210888       133884         
Ge1_31      33554462    16.595         16.5953        0.220573       63813          
Ge1_32      33554463    16.7738        16.7737        0.220573       110260         
Ge1_33      33554464    17.1721        17.172         0.220573       144575         
Ge1_34      33554465    17.6071        17.6071        0.232368       151367         
Ge1_35      33554466    18.0246        18.0246        0.232368       124681         
Ge1_36      33554467    18.2537        18.2536        0.232368       46009.5        
Ge1_37      33554468    18.631         18.6309        0.220915       65260.7        
Ge1_38      33554469    18.8307        18.8306        0.220915       106397         
Ge1_39      33554470    19.2343        19.2343        0.220915       153984         
Ge1_40      33554471    19.4723        19.4724        0.213213       102692         
Ge1_41      33554472    19.7688        19.7689        0.213213       101529         
Ge1_42      33554473    20.1058        20.1058        0.213213       125257         
Ge1_43      33554474    20.4103        20.4095        0.245055       99696.9        
Ge1_44      33554475    20.6174        20.6162        0.245055       90369.8        
Ge1_45      33554476    21.0142        21.0142        0.245055       142996         
Ge1_46      33554477    21.5259        21.5049        0.259444       67673.9        
Ge1_47      33554478    21.6574        21.6475        0.259444       115233         
Ge1_48      33554479    22.1106        22.1119        0.259444       151942         
Ge1_49      33554480    22.6121        22.6085        0.234081       67201.8        
Ge1_50      33554481    22.8161        22.8195        0.234081       106827         
Ge1_51      33554482    23.2589        23.2605        0.234081       161980         
Ge1_52      33554483    23.5588        23.5582        0.222911       113312         
Ge1_53      33554484    23.9136        23.9129        0.222911       110282         
Ge1_54      33554485    24.2702        24.2704        0.222911       115359         
Ge1_55      33554486    24.6137        24.612         0.245903       138346         
Ge1_56      33554487    25.0305        25.029         0.245903       119871         
Ge1_57      33554488    25.3745        25.3764        0.245903       83601.4        
Ge1_58      33554489    25.7958        25.7958        0.225727       116712         
Ge1_59      33554490    26.1829        26.1829        0.225727       110583         
Ge1_60      33554491    26.5153        26.5153        0.232751       118025         
Ge1_61      33554492    26.9069        26.9069        0.232751       109814         
Ge1_62      33554493    27.2475        27.2475        0.235469       124853         
Ge1_63      33554494    27.6643        27.6644        0.235469       103951         
Ge1_64      33554495    28.0253        28.0253        0.248656       131590         
Ge1_65      33554496    28.4539        28.4539        0.248656       97580.7        
Ge2_3       50331650    26.3662        26.366         0.268213       166158         
Ge2_4       50331651    26.8739        26.8729        0.268213       71210.8        
Ge2_5       50331652    27.2271        27.2271        0.249355       129878         
Ge2_6       50331653    27.6926        27.6926        0.249355       93554.8        
Ge2_7       50331654    27.9914        27.9914        0.253359       138148         
Ge2_8       50331655    28.465         28.465         0.253359       93485.3        
Ge2_9       50331656    28.7813        28.7813        0.257381       138132         
Ge2_10      50331657    29.2625        29.2625        0.257381       93000.8        
Ge2_11      50331658    29.5837        29.5837        0.252588       131782         
Ge2_12      50331659    30.0573        30.0573        0.252588       98417.1        
Ge2_13      50331660    30.3599        30.3599        0.250282       129047         
Ge2_14      50331661    30.8438        30.8438        0.250282       103524         
Ge2_15      50331662    31.1405        31.141         0.26034        137963         
Ge2_16      50331663    31.6673        31.669         0.26034        92778.7        
Ge2_17      50331664    31.9826        31.9833        0.259885       128997         
Ge2_18      50331665    32.5001        32.5011        0.259885       100815         
Ge2_19      50331666    32.8367        32.8367        0.272478       138946         
Ge2_20      50331667    33.3801        33.3801        0.272478       92447.7        
Ge2_21      50331668    33.7166        33.7166        0.263188       128711         
Ge2_22      50331669    34.2461        34.2461        0.263188       101616         
Ge2_23      50331670    34.5658        34.5658        0.264304       124868         
Ge2_24      50331671    35.0761        35.0759        0.264304       106560         
Ge2_25      50331672    35.3865        35.3864        0.267636       126536         
Ge2_26      50331673    35.943         35.943         0.267636       103119         
Ge2_27      50331674    36.2446        36.2446        0.26275        115219         
Ge2_28      50331675    36.7785        36.7785        0.26275        114751         
Ge2_29      50331676    37.0796        37.0796        0.28376        125226         
Ge2_30      50331677    37.6866        37.6866        0.28376        104463         
Ge2_31      50331678    37.9986        37.9986        0.25766        100096         
Ge2_32      50331679    38.4756        38.4756        0.25766        129328         
Ge2_33      50331680    38.6938        38.6938        0.271599       113486         
Ge2_34      50331681    39.284         39.284         0.271599       114384         
Ge2_35      50331682    39.5981        39.5981        0.286325       118978         
Ge2_36      50331683    40.2251        40.225         0.286325       110922         
Ge2_37      50331684    40.5345        40.5345        0.280911       109290         
Ge2_38      50331685    41.1562        41.1562        0.280911       118972         
Ge2_39      50331686    41.4286        41.4286        0.276322       102774         
Ge2_40      50331687    42.0032        42.0032        0.276322       124988         
Ge2_41      50331688    42.4159        42.4159        0.381842       137888         
Ge2_42      50331689    43.1905        43.1905        0.381842       89913.1        
Ge2_43      50331690    43.5848        43.5847        0.289776       67680.1        
Ge2_44      50331691    43.8613        43.8614        0.289776       157920         
Ge2_45      50331692    44.3729        44.3728        0.421857       156602         
Ge2_46      50331693    45.1055        45.1055        0.421857       138916         
Ge2_47      50331694    45.3633        45.3633        0.289205       47264.6        
Ge2_48      50331695    45.7873        45.7873        0.289205       110284         
Ge2_49      50331696    46.0582        46.058         0.301308       84957.2        
Ge2_50      50331697    46.6736        46.6735        0.301308       138441         
Ge2_51      50331698    47.0221        47.0221        0.324833       92708          
Ge2_52      50331699    47.6929        47.6929        0.324833       130397         
Ge2_53      50331700    48.0387        48.0386        0.302799       74810.7        
Ge2_54      50331701    48.5915        48.5915        0.302799       146412         
Ge2_55      50331702    48.9645        48.9645        0.339706       84769          
Ge2_56      50331703    49.6015        49.6015        0.339706       137867         
Ge2_57      50331704    50.016         50.016         0.282051       66392.9        
Ge2_58      50331705    50.4349        50.4349        0.282051       154917         
Ge2_59      50331706    50.8222        50.8223        0.395361       85314.8        
Ge2_60      50331707    51.5656        51.5655        0.395361       136692         
Ge2_61      50331708    51.9856        51.9855        0.321473       94135          
Ge2_62      50331709    52.8262        52.8267        0.321473       122620         
Ge2_63      50331710    52.9813        52.9831        0.321473       110784         
