Name        Id          AdcToE_p0   AdcToE_p1   EToAdc_p0   EToAdc_p1   
Si1_1       0           -39.3123    0.780393    50.375      1.28141     
Si1_2       1           -44.9405    0.794489    56.5654     1.25867     
Si1_3       2           -42.1386    0.798737    52.7566     1.25198     
Si1_4       3           -41.3285    0.783874    52.7234     1.27571     
Si1_5       4           -55.3199    0.818069    67.6226     1.22239     
Si1_6       5           -47.1842    0.793174    59.4878     1.26076     
Si1_7       6           -38.7087    0.806269    48.0096     1.24028     
Si1_8       7           -45.9797    0.790437    58.1699     1.26512     
Si1_9       8           -45.7814    0.795972    57.5163     1.25633     
Si1_10      9           -38.8244    0.809593    47.9555     1.23519     
Si1_11      10          -41.1868    0.803358    51.2683     1.24478     
Si1_12      11          -44.206     0.805226    54.8989     1.24189     
Si1_13      12          -44.8391    0.77418     57.9182     1.29169     
Si1_14      13          -44.7757    0.760778    58.8552     1.31444     
Si1_15      14          -51.4885    0.793433    64.8933     1.26035     
Si1_16      15          -36.9266    0.78441     47.0757     1.27484     
Si1_17      16          -43.4033    0.798928    54.327      1.25168     
Si1_18      17          -47.1216    0.783578    60.1365     1.2762      
Si1_19      18          -59.5058    0.808049    73.6413     1.23755     
Si1_20      19          -54.4941    0.786646    69.274      1.27122     
Si1_21      20          -52.4975    0.797974    65.7885     1.25317     
Si1_22      21          -52.8717    0.811079    65.1868     1.23293     
Si1_23      22          -44.056     0.81294     54.1934     1.2301      
Si1_24      23          -60.8576    0.802507    75.8344     1.24609     
Si1_25      24          -44.8016    0.805173    55.6422     1.24197     
Si1_26      25          -57.9224    0.782269    74.0441     1.27833     
Si1_27      26          -42.5035    0.82044     51.8057     1.21886     
Si1_28      27          -52.0446    0.79365     65.5763     1.26        
Si1_29      28          -54.2601    0.796795    68.0979     1.25503     
Si1_30      29          -53.2751    0.793993    67.0977     1.25946     
Si1_31      30          -41.4385    0.791129    52.3789     1.26402     
Si1_32      31          -52.9612    0.795705    66.5589     1.25675     
Si1_33      32          -44.6046    0.785873    56.758      1.27247     
Si1_34      33          -44.76      0.808001    55.3959     1.23762     
Si1_35      34          -49.2954    0.808686    60.9574     1.23657     
Si1_36      35          -51.6465    0.800027    64.556      1.24996     
Si1_37      36          -44.637     0.78471     56.8834     1.27436     
Si1_38      37          -49.9136    0.804874    62.0141     1.24243     
Si1_39      38          -30.1021    0.783482    38.4209     1.27635     
Si1_40      39          -59.7014    0.78877     75.6893     1.2678      
Si1_41      40          -42.6374    0.779164    54.722      1.28343     
Si1_42      41          -51.9052    0.78187     66.386      1.27899     
Si1_43      42          -52.0412    0.795542    65.4161     1.257       
Si1_44      43          -40.7492    0.776078    52.5066     1.28853     
Si1_45      44          -48.3482    0.7951      60.8077     1.2577      
Si1_46      45          -49.0618    0.797368    61.5296     1.25413     
Si1_47      46          -39.7174    0.78814     50.3938     1.26881     
Si1_48      47          -40.5421    0.801505    50.5824     1.24765     
Si2_1       16777216    -40.5211    0.820199    49.404      1.21922     
Si2_2       16777217    -32.5591    0.78954     41.2381     1.26656     
Si2_3       16777218    -47.5173    0.80285     59.1858     1.24556     
Si2_4       16777219    -42.0145    0.803246    52.3059     1.24495     
Si2_5       16777220    -44.2419    0.784162    56.4194     1.27525     
Si2_6       16777221    -42.3389    0.798767    53.0054     1.25193     
Si2_7       16777222    -49.6124    0.792788    62.5797     1.26137     
Si2_8       16777223    -46.2061    0.797374    57.9479     1.25412     
Si2_9       16777224    -40.5387    0.803007    50.4836     1.24532     
Si2_10      16777225    -46.7771    0.79559     58.7956     1.25693     
Si2_11      16777226    -58.1244    0.791187    73.4648     1.26392     
Si2_12      16777227    -39.9668    0.791389    50.5021     1.2636      
Si2_13      16777228    -57.7614    0.80733     71.5462     1.23865     
Si2_14      16777229    -40.1461    0.812771    49.3941     1.23036     
Si2_15      16777230    -51.2798    0.783558    65.4448     1.27623     
Si2_16      16777231    -38.8532    0.777537    49.9696     1.28611     
Si2_17      16777232    -61.3608    0.81335     75.442      1.22948     
Si2_18      16777233    -47.7193    0.792121    60.2424     1.26243     
Si2_19      16777234    -53.0166    0.801365    66.1579     1.24787     
Si2_20      16777235    -46.1084    0.783237    58.869      1.27675     
Si2_21      16777236    -59.6869    0.781639    76.3612     1.27936     
Si2_22      16777237    -50.537     0.819049    61.702      1.22093     
Si2_23      16777238    -55.8757    0.770416    72.5266     1.298       
Si2_24      16777239    -48.6048    0.797117    60.9757     1.25452     
Si2_25      16777240    -54.6952    0.799786    68.3873     1.25033     
Si2_26      16777241    -56.3904    0.79329     71.0841     1.26057     
Si2_27      16777242    -68.5793    0.792051    86.5844     1.26254     
Si2_28      16777243    -54.6433    0.800144    68.2917     1.24977     
Si2_29      16777244    -58.9708    0.813786    72.4647     1.22882     
Si2_30      16777245    -56.4791    0.793088    71.2142     1.26089     
Si2_31      16777246    -55.9587    0.79914     70.0237     1.25134     
Si2_32      16777247    -50.894     0.782468    65.0429     1.27801     
Si2_33      16777248    -51.426     0.92927     55.3402     1.07611     
Si2_34      16777249    -38.744     0.946618    40.9289     1.05639     
Si2_35      16777250    -63.0119    0.945036    66.6767     1.05816     
Si2_36      16777251    -54.2561    0.935534    57.9948     1.06891     
Si2_37      16777252    -56.0081    0.916389    61.1182     1.09124     
Si2_38      16777253    -46.9087    0.954754    49.1317     1.04739     
Si2_39      16777254    -61.0669    0.92606     65.9428     1.07984     
Si2_40      16777255    -48.2721    0.931331    51.8312     1.07373     
Si2_41      16777256    -68.3376    1.15667     59.0813     0.86455     
Si2_42      16777257    -56.105     1.15124     48.7345     0.86863     
Si2_43      16777258    -64.5817    1.17163     55.1215     0.853515    
Si2_44      16777259    -58.0941    1.16462     49.8823     0.858646    
Si2_45      16777260    -56.8342    1.14708     49.5467     0.871776    
Si2_46      16777261    -50.0716    1.15946     43.1852     0.862468    
Si2_47      16777262    -55.5441    1.1348      48.946      0.881209    
Si2_48      16777263    -57.4358    1.16373     49.355      0.859308    
Si2_49      16777264    -56.4907    1.39253     40.5668     0.718116    
Si2_50      16777265    -35.8438    1.40169     25.5719     0.713427    
Si2_51      16777266    -74.201     1.37964     53.7829     0.724827    
Si2_52      16777267    -54.239     1.37395     39.4767     0.72783     
Si2_53      16777268    -84.3026    1.76621     47.7308     0.566184    
Si2_54      16777269    -59.9197    1.69957     35.2558     0.588383    
Si2_55      16777270    -66.9123    1.66846     40.1042     0.599355    
Si2_56      16777271    -53.8822    1.74299     30.9136     0.573727    
Si2_57      16777272    -66.4736    1.671       39.7807     0.598444    
Si2_58      16777273    -61.5427    1.72751     35.6251     0.578868    
Si2_59      16777274    -68.2947    1.73488     39.3658     0.57641     
Si2_60      16777275    -57.0262    1.70723     33.4027     0.585743    
Si2_61      16777276    -70.0941    1.68021     41.7174     0.595162    
Si2_62      16777277    -68.4871    1.77523     38.5793     0.563308    
Si2_63      16777278    -77.5454    1.74556     44.4245     0.572884    
Si2_64      16777279    -55.4961    1.74444     31.8132     0.573251    
Ge1_1       33554432    17.7549     1.63138     -10.8833    0.612977    
Ge1_2       33554433    8.70801     1.69796     -5.12852    0.588942    
Ge1_3       33554434    15.6665     1.76017     -8.90052    0.568126    
Ge1_4       33554435    3.51257     1.66743     -2.10658    0.599725    
Ge1_5       33554436    14.0785     2.14976     -6.54888    0.465169    
Ge1_6       33554437    -10.2481    2.07477     4.93941     0.481981    
Ge1_7       33554438    15.2768     2.13468     -7.15645    0.468454    
Ge1_8       33554439    1.51273     2.12007     -0.713527   0.471682    
Ge1_9       33554440    -4.46499    2.12098     2.10515     0.47148     
Ge1_10      33554441    -9.12738    2.16544     4.21502     0.4618      
Ge1_11      33554442    -5.89654    2.12103     2.78004     0.47147     
Ge1_12      33554443    -32.1676    2.13971     15.0336     0.467354    
Ge1_13      33554444    -47.1636    3.12949     15.0707     0.319541    
Ge1_14      33554445    -46.2599    3.09462     14.9485     0.323141    
Ge1_15      33554446    -59.8749    3.20542     18.6793     0.311972    
Ge1_16      33554447    -53.6544    3.16139     16.9718     0.316316    
Ge1_17      33554448    -18.3876    3.06962     5.99018     0.325773    
Ge1_18      33554449    -37.472     3.16681     11.8327     0.315776    
Ge1_19      33554450    -14.0809    3.19681     4.40466     0.312812    
Ge1_20      33554451    -46.1929    3.22905     14.3054     0.309688    
Ge1_21      33554452    -26.0152    3.66702     7.09436     0.272701    
Ge1_22      33554453    -49.2007    3.67828     13.376      0.271866    
Ge1_23      33554454    -44.4174    3.82643     11.6081     0.26134     
Ge1_24      33554455    -57.8796    3.64575     15.8759     0.274292    
Ge1_25      33554456    -50.8764    4.51417     11.2704     0.221525    
Ge1_26      33554457    -38.8949    4.52887     8.58822     0.220806    
Ge1_27      33554458    -18.93      4.63791     4.08158     0.215615    
Ge1_28      33554459    -71.8284    4.55815     15.7582     0.219387    
Ge1_29      33554460    7.2572      5.36884     -1.35173    0.18626     
Ge1_30      33554461    -41.5504    5.48294     7.57813     0.182384    
Ge1_31      33554462    12.8325     5.39724     -2.3776     0.18528     
Ge1_32      33554463    -37.0653    5.33485     6.94777     0.187447    
Ge2_1       50331648    -42.3235    5.46202     7.74869     0.183082    
Ge2_2       50331649    1.43744     5.50769     -0.260988   0.181564    
Ge2_3       50331650    -50.6687    5.51921     9.18042     0.181185    
Ge2_4       50331651    -27.0075    5.27631     5.11864     0.189527    
Ge2_5       50331652    -14.2713    5.43774     2.62449     0.1839      
Ge2_6       50331653    -49.6516    5.39295     9.20676     0.185427    
Ge2_7       50331654    -47.836     5.35531     8.93245     0.186731    
Ge2_8       50331655    -25.1614    5.46354     4.60533     0.183032    
Ge2_9       50331656    -80.5323    6.69477     12.0291     0.14937     
Ge2_10      50331657    -61.7921    6.72231     9.1921      0.148758    
Ge2_11      50331658    -111.286    6.51692     17.0765     0.153447    
Ge2_12      50331659    -82.8788    6.66434     12.4362     0.150052    
Ge2_13      50331660    -109.308    6.73402     16.2322     0.1485      
Ge2_14      50331661    -129.567    6.51517     19.8869     0.153488    
Ge2_15      50331662    -99.5351    6.66789     14.9275     0.149973    
Ge2_16      50331663    -67.4269    6.82118     9.88493     0.146602    
Ge2_17      50331664    -110.525    8.16354     13.5388     0.122496    
Ge2_18      50331665    -104.507    8.30437     12.5846     0.120419    
Ge2_19      50331666    -94.3932    8.10096     11.6521     0.123442    
Ge2_20      50331667    -99.333     8.32461     11.9325     0.120126    
Ge2_21      50331668    -119.267    8.31897     14.3367     0.120207    
Ge2_22      50331669    -55.8978    8.34846     6.69559     0.119783    
Ge2_23      50331670    -283.513    7.83491     36.1859     0.127634    
Ge2_24      50331671    -110.077    8.08002     13.6234     0.123762    
Ge2_25      50331672    -165.687    10.1759     16.2824     0.0982718   
Ge2_26      50331673    -154.202    10.3828     14.8517     0.0963132   
Ge2_27      50331674    -159.215    10.1617     15.6682     0.0984088   
Ge2_28      50331675    -150.462    10.1834     14.7752     0.0981987   
Ge2_29      50331676    -121.439    10.3244     11.7623     0.096858    
Ge2_30      50331677    -116.506    10.3008     11.3103     0.0970795   
Ge2_31      50331678    -99.5851    10.2321     9.73266     0.097732    
Ge2_32      50331679    -93.6508    10.1257     9.24885     0.0987589   
