Name        Id          AdcToE_p0   AdcToE_p1
Si1_1 0 -55.0113 0.795851
Si1_2 1 -55.0113 0.795851
Si1_3 2 -54.7756 0.800519
Si1_4 3 -47.584 0.784663
Si1_5 4 -67.9937 0.819862
Si1_6 5 -63.8449 0.795405
Si1_7 6 -47.6272 0.807377
Si1_8 7 -60.2191 0.792455
Si1_9 8 -50.8377 0.796658
Si1_10 9 -55.7922 0.811916
Si1_11 10 -49.1766 0.804479
Si1_12 11 -52.6229 0.806363
Si1_13 12 -55.223 0.775537
Si1_14 13 -60.6815 0.762972
Si1_15 14 -60.478 0.794643
Si1_16 15 -51.3496 0.786373
Si1_17 16 -52.2641 0.800215
Si1_18 17 -58.2457 0.785179
Si1_19 18 -67.9874 0.809393
Si1_20 19 -57.7548 0.787145
Si1_21 20 -68.2634 0.800303
Si1_22 21 -56.2493 0.811558
Si1_23 22 -53.9448 0.814478
Si1_24 23 -72.8641 0.804324
Si1_25 24 -46.4106 0.805444
Si1_26 25 -69.7045 0.783896
Si1_27 26 -50.211 0.821618
Si1_28 27 -62.0849 0.795279
Si1_29 28 -57.894 0.797322
Si1_30 29 -57.6276 0.794472
Si1_31 30 -48.517 0.791988
Si1_32 31 -55.6772 0.796132
Si1_33 32 -49.1871 0.7865
Si1_34 33 -47.682 0.808528
Si1_35 34 -61.1284 0.810539
Si1_36 35 -60.1767 0.801359
Si1_37 36 -52.8747 0.785957
Si1_38 37 -59.5125 0.806353
Si1_39 38 -45.5925 0.785752
Si1_40 39 -74.4431 0.791
Si1_41 40 -48.2057 0.779922
Si1_42 41 -61.3768 0.78324
Si1_43 42 -62.569 0.797143
Si1_44 43 -59.4728 0.778771
Si1_45 44 -56.9839 0.796335
Si1_46 45 -56.4425 0.798441
Si1_47 46 -47.0962 0.789186
Si1_48 47 -44.4379 0.802087
Si2_1 16777216 -64.2711 0.82379
Si2_2 16777217 -43.5891 0.791219
Si2_3 16777218 -62.9652 0.805192
Si2_4 16777219 -51.7423 0.804676
Si2_5 16777220 -55.873 0.785856
Si2_6 16777221 -50.4538 0.800023
Si2_7 16777222 -66.1481 0.795255
Si2_8 16777223 -62.0324 0.799736
Si2_9 16777224 -53.5831 0.804963
Si2_10 16777225 -53.3143 0.796617
Si2_11 16777226 -72.6575 0.793358
Si2_12 16777227 -51.5738 0.793184
Si2_13 16777228 -71.8018 0.809422
Si2_14 16777229 -57.0824 0.815242
Si2_15 16777230 -59.2764 0.78481
Si2_16 16777231 -64.5077 0.781196
Si2_17 16777232 -66.4388 0.814074
Si2_18 16777233 -60.8111 0.793977
Si2_19 16777234 -62.3545 0.802747
Si2_20 16777235 -52.3724 0.784139
Si2_21 16777236 -65.7167 0.782485
Si2_22 16777237 -62.3058 0.820853
Si2_23 16777238 -66.7473 0.772057
Si2_24 16777239 -62.5827 0.799138
Si2_25 16777240 -65.0279 0.801361
Si2_26 16777241 -60.3479 0.79398
Si2_27 16777242 -77.7785 0.79348
Si2_28 16777243 -62.2919 0.800906
Si2_29 16777244 -69.3475 0.815189
Si2_30 16777245 -64.5653 0.794414
Si2_31 16777246 -62.4079 0.800132
Si2_32 16777247 -64.4276 0.784342
Si2_33 16777248 -65.8845 0.931687
Si2_34 16777249 -53.9379 0.949227
Si2_35 16777250 -72.8983 0.94676
Si2_36 16777251 -64.0642 0.937119
Si2_37 16777252 -67.0358 0.918126
Si2_38 16777253 -51.2227 0.955393
Si2_39 16777254 -66.9435 0.926976
Si2_40 16777255 -58.4466 0.932976
Si2_41 16777256 -76.0372 1.15823
Si2_42 16777257 -70.215 1.15418
Si2_43 16777258 -68.8512 1.17236
Si2_44 16777259 -66.8103 1.16645
Si2_45 16777260 -63.1116 1.14839
Si2_46 16777261 -55.4217 1.16056
Si2_47 16777262 -68.312 1.13739
Si2_48 16777263 -69.1126 1.16607
Si2_49 16777264 -65.5642 1.39495
Si2_50 16777265 -51.6902 1.40568
Si2_51 16777266 -81.1069 1.38146
Si2_52 16777267 -79.662 1.38004
Si2_53 16777268 -90.3161 1.76829
Si2_54 16777269 -71.4952 1.70321
Si2_55 16777270 -87.1068 1.67475
Si2_56 16777271 -61.4514 1.74548
Si2_57 16777272 -79.3803 1.67518
Si2_58 16777273 -73.9718 1.73127
Si2_59 16777274 -77.8962 1.7379
Si2_60 16777275 -73.0377 1.7123
Si2_61 16777276 -77.4573 1.68241
Si2_62 16777277 -76.4021 1.77816
Si2_63 16777278 -83.8093 1.74772
Si2_64 16777279 -69.198 1.74873
Ge1_1 33554432 -2.56463 1.63689
Ge1_2 33554433 1.0619 1.69938
Ge1_3 33554434 -3.13183 1.76508
Ge1_4 33554435 -25.0964 1.67559
Ge1_5 33554436 -8.30347 2.15769
Ge1_6 33554437 -24.0996 2.07866
Ge1_7 33554438 -0.724418 2.14002
Ge1_8 33554439 -12.299 2.12511
Ge1_9 33554440 -10.6395 2.12265
Ge1_10 33554441 -26.1494 2.17149
Ge1_11 33554442 -25.8966 2.12854
Ge1_12 33554443 -45.4531 2.14622
Ge1_13 33554444 -57.809 3.13696
Ge1_14 33554445 -63.2601 3.10889
Ge1_15 33554446 -71.3234 3.21391
Ge1_16 33554447 -70.4792 3.18371
Ge1_17 33554448 -31.8553 3.07733
Ge1_18 33554449 -56.6982 3.17807
Ge1_19 33554450 -29.2305 3.20578
Ge1_20 33554451 -60.974 3.23834
Ge1_21 33554452 -32.4281 3.67246
Ge1_22 33554453 -61.4697 3.68774
Ge1_23 33554454 -56.8756 3.83722
Ge1_24 33554455 -64.6639 3.6531
Ge1_25 33554456 -73.2975 4.52787
Ge1_26 33554457 -42.5658 4.53152
Ge1_27 33554458 -34.7002 4.64786
Ge1_28 33554459 -88.6556 4.5719
Ge1_29 33554460 -7.2432 5.38387
Ge1_30 33554461 -49.7117 5.4897
Ge1_31 33554462 4.95602 5.40734
Ge1_32 33554463 -45.3391 5.34232
Ge2_1 50331648 -56.5615 5.4734
Ge2_2 50331649 10.8229 5.49788
Ge2_3 50331650 -75.5657 5.54039
Ge2_4 50331651 -39.3591 5.28657
Ge2_5 50331652 -28.4862 5.44955
Ge2_6 50331653 -63.6733 5.4057
Ge2_7 50331654 -60.7537 5.36528
Ge2_8 50331655 -29.6633 5.46849
Ge2_9 50331656 -84.3497 6.69864
Ge2_10 50331657 -60.9507 6.72427
Ge2_11 50331658 -129.312 6.53659
Ge2_12 50331659 -97.3712 6.68264
Ge2_13 50331660 -119.958 6.74626
Ge2_14 50331661 -143.355 6.53067
Ge2_15 50331662 -102.94 6.67261
Ge2_16 50331663 -81.4233 6.84182
Ge2_17 50331664 -127.053 8.19231
Ge2_18 50331665 -109.442 8.31586
Ge2_19 50331666 -107.696 8.1239
Ge2_20 50331667 -112.592 8.34923
Ge2_21 50331668 -126.312 8.33036
Ge2_22 50331669 -66.7292 8.37566
Ge2_23 50331670 -124.276 8.302
Ge2_24 50331671 -124.84 8.10412
Ge2_25 50331672 -179.636 10.2015
Ge2_26 50331673 -156.343 10.3927
Ge2_27 50331674 -173.621 10.1919
Ge2_28 50331675 -147.238 10.1901
Ge2_29 50331676 -136.094 10.3534
Ge2_30 50331677 -99.1191 10.2782
Ge2_31 50331678 -111.007 10.2604
Ge2_32 50331679 -82.3075 10.1199
