Name        Id          Mean(keV)      Sigma(keV)     Mean+2Sigma    Mean+3Sigma    Mean+5Sigma    
Si1_1       0           -5.29099       14.5795        23.868         38.4476        67.6066        
Si1_2       1           -16.8111       3.38081        -10.0495       -6.66867       0.0929457      
Si1_3       2           -13.0102       3.06368        -6.88284       -3.81916       2.30821        
Si1_4       3           -9.39163       3.43296        -2.52572       0.90724        7.77315        
Si1_5       4           -24.6633       3.19475        -18.2738       -15.079        -8.68952       
Si1_6       5           -26.2526       3.4554         -19.3418       -15.8864       -8.97564       
Si1_7       6           -6.71975       3.13147        -0.456812      2.67466        8.93759        
Si1_8       7           -22.0626       3.22688        -15.6089       -12.382        -5.92825       
Si1_9       8           -8.69282       3.0489         -2.59502       0.453875       6.55167        
Si1_10      9           -14.5301       3.29711        -7.93584       -4.63873       1.95549        
Si1_11      10          -4.61249       3.22781        1.84314        5.07095        11.5266        
Si1_12      11          -11.5793       3.66876        -4.24175       -0.572991      6.76453        
Si1_13      12          -15.2469       3.15236        -8.94222       -5.78987       0.514844       
Si1_14      13          -22.0569       3.52587        -15.0051       -11.4793       -4.42754       
Si1_15      14          -16.6917       3.21567        -10.2603       -7.04466       -0.613331      
Si1_16      15          -9.22902       4.30258        -0.62387       3.67871        12.2839        
Si1_17      16          -11.6296       3.17689        -5.2758        -2.0989        4.25489        
Si1_18      17          -21.3269       2.83649        -15.6539       -12.8174       -7.14444       
Si1_19      18          -25.6745       3.00235        -19.6698       -16.6675       -10.6628       
Si1_20      19          -20.8689       2.89334        -15.0823       -12.1889       -6.40225       
Si1_21      20          -29.0129       2.69558        -23.6217       -20.9261       -15.535        
Si1_22      21          -18.656        2.90442        -12.8471       -9.94273       -4.13389       
Si1_23      22          -14.327        2.88959        -8.54778       -5.65819       0.120983       
Si1_24      23          -35.008        2.96287        -29.0823       -26.1194       -20.1937       
Si1_25      24          -6.95754       2.94661        -1.06431       1.8823         7.77552        
Si1_26      25          -31.8308       2.78075        -26.2693       -23.4886       -17.9271       
Si1_27      26          -12.358        2.70581        -6.94637       -4.24056       1.17106        
Si1_28      27          -23.7427       2.81005        -18.1226       -15.3125       -9.6924        
Si1_29      28          -20.1804       2.89101        -14.3984       -11.5074       -5.72538       
Si1_30      29          -19.8484       3.05483        -13.7387       -10.6839       -4.57423       
Si1_31      30          -10.6517       2.80516        -5.04142       -2.23626       3.37405        
Si1_32      31          -18.1561       3.01046        -12.1351       -9.12467       -3.10375       
Si1_33      32          -10.8072       2.93136        -4.94445       -2.01309       3.84962        
Si1_34      33          -9.74959       2.93953        -3.87052       -0.930987      4.94808        
Si1_35      34          -21.0651       2.9323         -15.2005       -12.2682       -6.4036        
Si1_36      35          -22.9557       3.02832        -16.899        -13.8707       -7.81406       
Si1_37      36          -15.5719       2.7579         -10.0561       -7.29822       -1.78243       
Si1_38      37          -24.9747       2.84372        -19.2873       -16.4436       -10.7561       
Si1_39      38          -7.97297       2.74723        -2.47851       0.268725       5.76319        
Si1_40      39          -38.1804       3.00763        -32.1652       -29.1575       -23.1423       
Si1_41      40          -11.8848       2.78189        -6.32103       -3.53915       2.02463        
Si1_42      41          -26.7722       2.99033        -20.7915       -17.8012       -11.8205       
Si1_43      42          -25.0852       2.93872        -19.2078       -16.269        -10.3916       
Si1_44      43          -25.3812       2.93094        -19.5193       -16.5883       -10.7264       
Si1_45      44          -19.4876       2.92028        -13.647        -10.7268       -4.88619       
Si1_46      45          -20.8945       3.06287        -14.7688       -11.7059       -5.58021       
Si1_47      46          -9.68215       2.88358        -3.915         -1.03143       4.73572        
Si1_48      47          -7.99508       3.1447         -1.70567       1.43903        7.72843        
Si2_1       16777216    -26.0358       4.23678        -17.5622       -13.3254       -4.85187       
Si2_2       16777217    -6.75168       3.61468        0.477668       4.09234        11.3217        
Si2_3       16777218    -25.9667       3.20778        -19.5511       -16.3434       -9.92781       
Si2_4       16777219    -13.2424       3.32469        -6.59304       -3.26835       3.38102        
Si2_5       16777220    -20.3221       3.32151        -13.679        -10.3575       -3.71452       
Si2_6       16777221    -13.1027       3.23302        -6.63668       -3.40366       3.06238        
Si2_7       16777222    -29.9572       3.50792        -22.9414       -19.4335       -12.4177       
Si2_8       16777223    -25.4817       3.2173         -19.0471       -15.8298       -9.39518       
Si2_9       16777224    -12.3507       3.78234        -4.78605       -1.00371       6.56096        
Si2_10      16777225    -11.431        3.24709        -4.93679       -1.68969       4.80449        
Si2_11      16777226    -31.1869       3.60819        -23.9705       -20.3624       -13.146        
Si2_12      16777227    -9.5452        3.66004        -2.22513       1.43491        8.75498        
Si2_13      16777228    -28.2166       4.02786        -20.1609       -16.133        -8.0773        
Si2_14      16777229    -12.6252       3.32523        -5.97475       -2.64952       4.00095        
Si2_15      16777230    -16.3256       3.78238        -8.76088       -4.9785        2.58625        
Si2_16      16777231    -22.0694       3.80476        -14.4599       -10.6551       -3.04558       
Si2_17      16777232    -28.0498       3.13311        -21.7836       -18.6505       -12.3843       
Si2_18      16777233    -21.4916       2.79924        -15.8931       -13.0939       -7.49543       
Si2_19      16777234    -23.7215       3.01171        -17.6981       -14.6864       -8.66297       
Si2_20      16777235    -12.7969       2.88649        -7.02392       -4.13742       1.63557        
Si2_21      16777236    -27.7695       2.84843        -22.0726       -19.2242       -13.5273       
Si2_22      16777237    -19.1005       2.96733        -13.1659       -10.1986       -4.2639        
Si2_23      16777238    -29.2159       3.04502        -23.1259       -20.0809       -13.9908       
Si2_24      16777239    -21.958        2.78082        -16.3964       -13.6156       -8.05396       
Si2_25      16777240    -21.139        2.95159        -15.2358       -12.2842       -6.38102       
Si2_26      16777241    -24.0483       2.83761        -18.3731       -15.5355       -9.8603        
Si2_27      16777242    -34.6709       3.08956        -28.4918       -25.4022       -19.2231       
Si2_28      16777243    -24.1962       2.92733        -18.3416       -15.4143       -9.55961       
Si2_29      16777244    -25.1219       2.94704        -19.2279       -16.2808       -10.3868       
Si2_30      16777245    -27.0725       2.93557        -21.2014       -18.2658       -12.3947       
Si2_31      16777246    -18.5739       2.87553        -12.8229       -9.94736       -4.1963        
Si2_32      16777247    -27.0092       3.13242        -20.7443       -17.6119       -11.3471       
Si2_33      16777248    -19.152        3.42773        -12.2965       -8.86881       -2.01335       
Si2_34      16777249    -10.324        3.01556        -4.29283       -1.27727       4.75385        
Si2_35      16777250    -27.209        3.26508        -20.6788       -17.4137       -10.8836       
Si2_36      16777251    -19.5839       2.95123        -13.6815       -10.7302       -4.82778       
Si2_37      16777252    -22.7276       3.38724        -15.9531       -12.5659       -5.79138       
Si2_38      16777253    -6.56438       2.85212        -0.860152      1.99196        7.6962         
Si2_39      16777254    -21.6803       3.12243        -15.4354       -12.313        -6.06815       
Si2_40      16777255    -16.8779       2.75624        -11.3655       -8.60921       -3.09673       
Si2_41      16777256    -23.9866       3.4137         -17.1592       -13.7455       -6.91809       
Si2_42      16777257    -20.7535       2.91023        -14.9331       -12.0228       -6.20239       
Si2_43      16777258    -15.0067       3.3273         -8.3521        -5.0248        1.62979        
Si2_44      16777259    -18.3409       2.93557        -12.4698       -9.53421       -3.66307       
Si2_45      16777260    -9.46399       3.53794        -2.38811       1.14982        8.2257         
Si2_46      16777261    -4.70128       3.14925        1.59722        4.74647        11.045         
Si2_47      16777262    -15.4861       3.41934        -8.64748       -5.22814       1.61053        
Si2_48      16777263    -18.5057       3.06061        -12.3845       -9.32392       -3.20271       
Si2_49      16777264    2.31128        3.76427        9.83982        13.6041        21.1326        
Si2_50      16777265    8.12078        3.6701         15.461         19.1311        26.4713        
Si2_51      16777266    -11.7635       3.90532        -3.95291       -0.0475932     7.76304        
Si2_52      16777267    -21.2667       3.42544        -14.4158       -10.9904       -4.13952       
Si2_53      16777268    -1.74405       3.99016        6.23628        10.2264        18.2068        
Si2_54      16777269    -0.423483      3.50177        6.58005        10.0818        17.0853        
Si2_55      16777270    -7.90369       3.91811        -0.0674634     3.85065        11.6869        
Si2_56      16777271    11.6085        3.37633        18.3611        21.7375        28.4901        
Si2_57      16777272    3.79272        4.27362        12.34          16.6136        25.1608        
Si2_58      16777273    8.44029        4.0336         16.5075        20.5411        28.6083        
Si2_59      16777274    5.88414        4.09799        14.0801        18.1781        26.3741        
Si2_60      16777275    7.15256        3.40672        13.966         17.3727        24.1862        
Si2_61      16777276    2.00999        3.89395        9.7979         13.6919        21.4798        
Si2_62      16777277    5.7937         3.4548         12.7033        16.1581        23.0677        
Si2_63      16777278    -1.62154       3.74136        5.86118        9.60254        17.0853        
Si2_64      16777279    9.95651        3.32168        16.5999        19.9215        26.5649        
Ge1_1       33554432    73.2648        3.68484        80.6345        84.3193        91.689         
Ge1_2       33554433    86.322         4.04565        94.4133        98.4589        106.55         
Ge1_3       33554434    74.0193        3.55505        81.1294        84.6844        91.7945        
Ge1_4       33554435    55.917         3.87401        63.6651        67.5391        75.2871        
Ge1_5       33554436    88.6651        3.72484        96.1147        99.8396        107.289        
Ge1_6       33554437    78.2794        4.22161        86.7226        90.9442        99.3875        
Ge1_7       33554438    96.7126        3.93205        104.577        108.509        116.373        
Ge1_8       33554439    92.0397        4.28446        100.609        104.893        113.462        
Ge1_9       33554440    87.7598        3.5592         94.8782        98.4373        105.556        
Ge1_10      33554441    73.5261        4.38498        82.2961        86.681         95.451         
Ge1_11      33554442    66.2619        3.41296        73.0879        76.5008        83.3268        
Ge1_12      33554443    50.049         3.98787        58.0247        62.0126        69.9883        
Ge1_13      33554444    99.1952        4.67457        108.544        113.219        122.568        
Ge1_14      33554445    80.7844        5.20036        91.1851        96.3855        106.786        
Ge1_15      33554446    73.4597        4.13399        81.7277        85.8617        94.1297        
Ge1_16      33554447    75.833         5.21368        86.2603        91.474         101.901        
Ge1_17      33554448    80.7559        4.29023        89.3364        93.6266        102.207        
Ge1_18      33554449    66.7536        5.06101        76.8756        81.9367        92.0587        
Ge1_19      33554450    84.6754        4.3003         93.2759        97.5762        106.177        
Ge1_20      33554451    57.0421        5.41855        67.8792        73.2978        84.1349        
Ge1_21      33554452    98.9035        4.58712        108.078        112.665        121.839        
Ge1_22      33554453    76.8766        5.32417        87.525         92.8491        103.497        
Ge1_23      33554454    77.0069        4.39227        85.7915        90.1837        98.9683        
Ge1_24      33554455    65.8179        5.45528        76.7285        82.1837        93.0943        
Ge1_25      33554456    65.9603        5.01394        75.9882        81.0021        91.03          
Ge1_26      33554457    123.783        6.96486        137.713        144.678        158.607        
Ge1_27      33554458    106.054        5.04897        116.152        121.201        131.299        
Ge1_28      33554459    79.3873        5.72708        90.8415        96.5686        108.023        
Ge1_29      33554460    156.27         5.35486        166.98         172.335        183.045        
Ge1_30      33554461    153.753        5.92761        165.608        171.536        183.391        
Ge1_31      33554462    179.181        5.51803        190.217        195.735        206.771        
Ge1_32      33554463    148.674        5.76495        160.204        165.969        177.499        
Ge2_1       50331648    189.087        6.8932         202.873        209.766        223.553        
Ge2_2       50331649    253.097        6.39442        265.886        272.28         285.069        
Ge2_3       50331650    165.345        6.82183        178.989        185.81         199.454        
Ge2_4       50331651    207.822        6.2741         220.37         226.644        239.192        
Ge2_5       50331652    216.94         6.55951        230.059        236.618        249.737        
Ge2_6       50331653    194.022        5.48127        204.985        210.466        221.429        
Ge2_7       50331654    181.191        6.33967        193.871        200.21         212.89         
Ge2_8       50331655    224.577        5.70506        235.987        241.692        253.102        
Ge2_9       50331656    205.335        8.07642        221.488        229.564        245.717        
Ge2_10      50331657    234.231        6.96776        248.166        255.134        269.069        
Ge2_11      50331658    162.052        7.2196         176.491        183.711        198.15         
Ge2_12      50331659    205.461        7.33219        220.125        227.457        242.122        
Ge2_13      50331660    170.765        8.15926        187.083        195.242        211.561        
Ge2_14      50331661    164.365        7.61385        179.593        187.206        202.434        
Ge2_15      50331662    186.354        7.07423        200.503        207.577        221.726        
Ge2_16      50331663    216.303        7.45697        231.217        238.674        253.588        
Ge2_17      50331664    271.961        8.88718        289.735        298.622        316.397        
Ge2_18      50331665    285.347        8.97389        303.295        312.268        330.216        
Ge2_19      50331666    261.257        8.38638        278.03         286.417        303.189        
Ge2_20      50331667    264.465        9.20127        282.868        292.069        310.471        
Ge2_21      50331668    265.085        8.57677        282.239        290.815        307.969        
Ge2_22      50331669    318.494        8.43404        335.362        343.796        360.664        
Ge2_23      50331670    278.071        8.49502        295.061        303.556        320.546        
Ge2_24      50331671    253.188        8.39206        269.972        278.364        295.148        
Ge2_25      50331672    289.015        9.72947        308.474        318.203        337.662        
Ge2_26      50331673    334.621        10.2864        355.193        365.48         386.053        
Ge2_27      50331674    288.593        9.96512        308.523        318.488        338.418        
Ge2_28      50331675    352.177        10.7722        373.721        384.493        406.038        
Ge2_29      50331676    323.197        9.21495        341.627        350.842        369.272        
Ge2_30      50331677    392.83         9.34245        411.515        420.858        439.543        
Ge2_31      50331678    356.832        9.72505        376.282        386.008        405.458        
Ge2_32      50331679    411.072        9.10841        429.289        438.397        456.614        
