Name        Id          Mean(keV)   Sigma       3Sigma      5Sigma      
Si1_1       0           9.44228     14.2963     42.889      71.4817     
Si1_2       1           -6.80566    3.37502     10.1251     16.8751     
Si1_3       2           -0.466174   3.05686     9.17059     15.2843     
Si1_4       3           -3.17453    3.4295      10.2885     17.1475     
Si1_5       4           -12.0842    3.18776     9.56328     15.9388     
Si1_6       5           -9.69737    3.44571     10.3371     17.2285     
Si1_7       6           2.14261     3.12717     9.38151     15.6359     
Si1_8       7           -7.9204     3.21866     9.65598     16.0933     
Si1_9       8           -3.67281    3.04627     9.13882     15.2314     
Si1_10      9           2.31968     3.28768     9.86303     16.4384     
Si1_11      10          3.31522     3.22331     9.66994     16.1166     
Si1_12      11          -3.22024    3.66359     10.9908     18.3179     
Si1_13      12          -4.93299    3.14684     9.44052     15.7342     
Si1_14      13          -6.26215    3.51573     10.5472     17.5787     
Si1_15      14          -7.76883    3.21077     9.63231     16.0538     
Si1_16      15          5.08883     4.29184     12.8755     21.4592     
Si1_17      16          -2.83414    3.17178     9.51535     15.8589     
Si1_18      17          -10.2781    2.83071     8.49212     14.1535     
Si1_19      18          -17.2632    2.99736     8.99208     14.9868     
Si1_20      19          -17.6316    2.89151     8.67452     14.4575     
Si1_21      20          -13.3612    2.68774     8.06321     13.4387     
Si1_22      21          -15.3006    2.90271     8.70812     14.5135     
Si1_23      22          -4.51297    2.88413     8.6524      14.4207     
Si1_24      23          -23.087     2.95618     8.86854     14.7809     
Si1_25      24          -5.36181    2.94562     8.83686     14.7281     
Si1_26      25          -20.1273    2.77497     8.32492     13.8749     
Si1_27      26          -4.70476    2.70193     8.10579     13.5097     
Si1_28      27          -13.7809    2.8043      8.4129      14.0215     
Si1_29      28          -16.5715    2.8891      8.6673      14.4455     
Si1_30      29          -15.5187    3.05299     9.15897     15.265      
Si1_31      30          -3.61431    2.80212     8.40635     14.0106     
Si1_32      31          -15.4602    3.00885     9.02654     15.0442     
Si1_33      32          -6.25525    2.92902     8.78706     14.6451     
Si1_34      33          -6.85231    2.93762     8.81285     14.6881     
Si1_35      34          -9.32367    2.92559     8.77677     14.628      
Si1_36      35          -14.4873    3.02329     9.06986     15.1164     
Si1_37      36          -7.39341    2.75352     8.26057     13.7676     
Si1_38      37          -15.4392    2.8385      8.5155      14.1925     
Si1_39      38          7.40875     2.7393      8.21789     13.6965     
Si1_40      39          -23.5409    2.99915     8.99744     14.9957     
Si1_41      40          -6.35181    2.77918     8.33755     13.8959     
Si1_42      41          -17.3611    2.9851      8.9553      14.9255     
Si1_43      42          -14.6327    2.93281     8.79844     14.6641     
Si1_44      43          -6.77545    2.92081     8.76243     14.604      
Si1_45      44          -10.91      2.91575     8.74725     14.5788     
Si1_46      45          -13.5616    3.05875     9.17625     15.2938     
Si1_47      46          -2.35294    2.87975     8.63926     14.3988     
Si1_48      47          -4.12572    3.14242     9.42726     15.7121     
Si2_1       16777216    -2.45247    4.21832     12.6549     21.0916     
Si2_2       16777217    4.20015     3.60701     10.821      18.035      
Si2_3       16777218    -10.6264    3.19845     9.59535     15.9923     
Si2_4       16777219    -3.58303    3.31878     9.95634     16.5939     
Si2_5       16777220    -8.76759    3.31435     9.94304     16.5717     
Si2_6       16777221    -5.04647    3.22795     9.68384     16.1397     
Si2_7       16777222    -13.5338    3.49704     10.4911     17.4852     
Si2_8       16777223    -9.76332    3.2078      9.62339     16.039      
Si2_9       16777224    0.593487    3.77315     11.3194     18.8657     
Si2_10      16777225    -4.94776    3.2429      9.72871     16.2145     
Si2_11      16777226    -16.7673    3.59832     10.795      17.9916     
Si2_12      16777227    1.96669     3.65175     10.9553     18.2588     
Si2_13      16777228    -14.2889    4.01745     12.0524     20.0873     
Si2_14      16777229    4.17633     3.31515     9.94546     16.5758     
Si2_15      16777230    -8.39755    3.77634     11.329      18.8817     
Si2_16      16777231    3.38634     3.78694     11.3608     18.9347     
Si2_17      16777232    -23.006     3.13032     9.39097     15.6516     
Si2_18      16777233    -8.49173    2.79269     8.37808     13.9635     
Si2_19      16777234    -14.4501    3.00652     9.01956     15.0326     
Si2_20      16777235    -6.57843    2.88317     8.64952     14.4159     
Si2_21      16777236    -21.7807    2.84535     8.53606     14.2268     
Si2_22      16777237    -7.42668    2.9608      8.88241     14.804      
Si2_23      16777238    -18.4241    3.03854     9.11563     15.1927     
Si2_24      16777239    -8.08288    2.77378     8.32135     13.8689     
Si2_25      16777240    -10.8925    2.94579     8.83736     14.7289     
Si2_26      16777241    -20.1224    2.83514     8.50542     14.1757     
Si2_27      16777242    -25.5493    3.08399     9.25198     15.42       
Si2_28      16777243    -16.5839    2.92454     8.77363     14.6227     
Si2_29      16777244    -14.8214    2.94197     8.8259      14.7098     
Si2_30      16777245    -19.0489    2.93067     8.792       14.6533     
Si2_31      16777246    -12.1791    2.87197     8.6159      14.3598     
Si2_32      16777247    -13.565     3.12493     9.3748      15.6247     
Si2_33      16777248    -4.81475    3.41884     10.2565     17.0942     
Si2_34      16777249    4.75007     3.00727     9.02182     15.0364     
Si2_35      16777250    -17.4058    3.25914     9.77741     16.2957     
Si2_36      16777251    -9.85107    2.94624     8.83872     14.7312     
Si2_37      16777252    -11.7837    3.38083     10.1425     16.9042     
Si2_38      16777253    -2.28025    2.85021     8.55062     14.251      
Si2_39      16777254    -15.8484    3.11934     9.35802     15.5967     
Si2_40      16777255    -6.77674    2.75138     8.25415     13.7569     
Si2_41      16777256    -16.3571    3.4091      10.2273     17.0455     
Si2_42      16777257    -6.76953    2.90282     8.70845     14.5141     
Si2_43      16777258    -10.7707    3.32523     9.97568     16.6261     
Si2_44      16777259    -9.70076    2.93096     8.79289     14.6548     
Si2_45      16777260    -3.24778    3.5339      10.6017     17.6695     
Si2_46      16777261    0.600744    3.14626     9.43879     15.7313     
Si2_47      16777262    -2.83854    3.41155     10.2346     17.0577     
Si2_48      16777263    -6.9305     3.05447     9.1634      15.2723     
Si2_49      16777264    11.267      3.75774     11.2732     18.7887     
Si2_50      16777265    23.7974     3.65969     10.9791     18.2984     
Si2_51      16777266    -4.949      3.90017     11.7005     19.5009     
Si2_52      16777267    3.8986      3.41032     10.231      17.0516     
Si2_53      16777268    4.16527     3.98547     11.9564     19.9274     
Si2_54      16777269    11.0001     3.49428     10.4828     17.4714     
Si2_55      16777270    11.9933     3.9034      11.7102     19.517      
Si2_56      16777271    19.0734     3.37152     10.1146     16.8576     
Si2_57      16777272    16.4919     4.26295     12.7889     21.3148     
Si2_58      16777273    20.6904     4.02484     12.0745     20.1242     
Si2_59      16777274    15.34       4.09086     12.2726     20.4543     
Si2_60      16777275    22.9266     3.39664     10.1899     16.9832     
Si2_61      16777276    9.26928     3.88886     11.6666     19.4443     
Si2_62      16777277    13.5733     3.44911     10.3473     17.2456     
Si2_63      16777278    4.54078     3.73674     11.2102     18.6837     
Si2_64      16777279    23.4642     3.31353     9.94059     16.5676     
Ge1_1       33554432    93.3291     3.67243     11.0173     18.3622     
Ge1_2       33554433    93.8969     4.04227     12.1268     20.2113     
Ge1_3       33554434    92.603      3.54516     10.6355     17.7258     
Ge1_4       33554435    84.1315     3.85515     11.5654     19.2757     
Ge1_5       33554436    110.691     3.71115     11.1335     18.5558     
Ge1_6       33554437    91.9393     4.21371     12.6411     21.0686     
Ge1_7       33554438    112.471     3.92224     11.7667     19.6112     
Ge1_8       33554439    105.604     4.27429     12.8229     21.3715     
Ge1_9       33554440    93.8569     3.5564      10.6692     17.782      
Ge1_10      33554441    90.2704     4.37276     13.1183     21.8638     
Ge1_11      33554442    85.9368     3.40092     10.2028     17.0046     
Ge1_12      33554443    63.0448     3.97577     11.9273     19.8789     
Ge1_13      33554444    109.467     4.66344     13.9903     23.3172     
Ge1_14      33554445    97.1234     5.17649     15.5295     25.8825     
Ge1_15      33554446    84.5257     4.12307     12.3692     20.6153     
Ge1_16      33554447    91.632      5.17712     15.5314     25.8856     
Ge1_17      33554448    93.9415     4.27948     12.8384     21.3974     
Ge1_18      33554449    85.5424     5.04308     15.1292     25.2154     
Ge1_19      33554450    99.5062     4.28826     12.8648     21.4413     
Ge1_20      33554451    71.4847     5.40301     16.209      27.015      
Ge1_21      33554452    105.122     4.58033     13.741      22.9016     
Ge1_22      33554453    88.7907     5.31052     15.9316     26.5526     
Ge1_23      33554454    89.0887     4.37992     13.1398     21.8996     
Ge1_24      33554455    72.3397     5.44431     16.3329     27.2215     
Ge1_25      33554456    87.9601     4.99877     14.9963     24.9938     
Ge1_26      33554457    127.357     6.96078     20.8823     34.8039     
Ge1_27      33554458    121.523     5.03816     15.1145     25.1908     
Ge1_28      33554459    95.7091     5.70986     17.1296     28.5493     
Ge1_29      33554460    170.314     5.33991     16.0197     26.6995     
Ge1_30      33554461    161.664     5.92031     17.7609     29.6016     
Ge1_31      33554462    186.732     5.50772     16.5232     27.5386     
Ge1_32      33554463    156.677     5.75689     17.2707     28.7844     
Ge2_1       50331648    202.814     6.87887     20.6366     34.3943     
Ge2_2       50331649    244.144     6.40583     19.2175     32.0291     
Ge2_3       50331650    189.321     6.79575     20.3872     33.9787     
Ge2_4       50331651    219.694     6.26192     18.7858     31.3096     
Ge2_5       50331652    230.623     6.5453      19.6359     32.7265     
Ge2_6       50331653    207.436     5.46834     16.405      27.3417     
Ge2_7       50331654    193.66      6.32789     18.9837     31.6394     
Ge2_8       50331655    228.849     5.69989     17.0997     28.4995     
Ge2_9       50331656    208.985     8.07175     24.2153     40.3588     
Ge2_10      50331657    233.303     6.96572     20.8972     34.8286     
Ge2_11      50331658    179.201     7.19787     21.5936     35.9894     
Ge2_12      50331659    219.124     7.31211     21.9363     36.5606     
Ge2_13      50331660    180.887     8.14446     24.4334     40.7223     
Ge2_14      50331661    177.423     7.59578     22.7873     37.9789     
Ge2_15      50331662    189.555     7.06923     21.2077     35.3462     
Ge2_16      50331663    229.402     7.43447     22.3034     37.1724     
Ge2_17      50331664    287.088     8.85597     26.5679     44.2799     
Ge2_18      50331665    289.736     8.96149     26.8845     44.8075     
Ge2_19      50331666    273.518     8.3627      25.0881     41.8135     
Ge2_20      50331667    276.612     9.17414     27.5224     45.8707     
Ge2_21      50331668    271.595     8.56505     25.6951     42.8252     
Ge2_22      50331669    328.075     8.40665     25.2199     42.0332     
Ge2_23      50331670    96.1973     8.01707     24.0512     40.0854     
Ge2_24      50331671    266.827     8.3671      25.1013     41.8355     
Ge2_25      50331672    301.788     9.70505     29.1152     48.5253     
Ge2_26      50331673    336.294     10.2766     30.8298     51.3831     
Ge2_27      50331674    301.629     9.93559     29.8068     49.678      
Ge2_28      50331675    348.624     10.7651     32.2952     53.8254     
Ge2_29      50331676    336.566     9.18914     27.5674     45.9457     
Ge2_30      50331677    376.525     9.36299     28.089      46.815      
Ge2_31      50331678    366.964     9.69823     29.0947     48.4911     
Ge2_32      50331679    400.012     9.11363     27.3409     45.5681     
