Name        Id          p0          p1          err(p0)     err(p1)     chi2/ndf    
Si1_1       0           12117       1619.97     3.94884     0.00193818  13465.6     
Si1_2       1           12266.8     1617.15     3.75878     0.00172615  19438.7     
Si1_3       2           11032       1616.27     3.75175     0.00183113  14958.4     
Si1_4       3           10984.9     1616.38     4.09572     0.00224296  11933.9     
Si1_5       4           11717.1     1608.4      3.8986      0.00182617  13077.9     
Si1_6       5           11612.1     1617.18     3.81648     0.00156826  19746.8     
Si1_7       6           11240.5     1616.34     3.67218     0.00176396  16810.7     
Si1_8       7           12209.6     1616.35     4.04935     0.00198692  14167.8     
Si1_9       8           12512.6     1617.47     4.0559      0.00186662  12882.8     
Si1_10      9           11683.6     1607.94     3.79982     0.00180131  14885.7     
Si1_11      10          8782.71     1617.96     3.78147     0.00230259  9435.32     
Si1_12      11          10117.9     1617.28     3.89825     0.00215448  11383.7     
Si1_13      12          11289.6     1607.08     4.28767     0.00212176  12545.7     
Si1_14      13          10796.6     1609.99     4.37488     0.00239398  9704.49     
Si1_15      14          10394.8     1609.21     4.03409     0.00220776  10483.3     
Si1_16      15          11981.3     1618.47     4.29003     0.00207011  12730.5     
Si1_17      16          11257.4     1627.54     3.623       0.00186673  17562.1     
Si1_18      17          8190.89     1624.22     3.40569     0.0022854   12537.9     
Si1_19      18          8961.38     1628.7      2.67232     0.00150207  22895.8     
Si1_20      19          9417.19     1625.58     3.19723     0.00179949  19390.9     
Si1_21      20          10761.4     1620.03     3.5732      0.00181748  17573.9     
Si1_22      21          9781.57     1627.94     3.1176      0.00167085  20448.6     
Si1_23      22          8550.51     1618.18     3.23347     0.001973    15749.6     
Si1_24      23          8663.28     1628.19     3.48829     0.00235816  12060.3     
Si1_25      24          8984.52     1625.52     3.8589      0.00271475  7788.28     
Si1_26      25          10561.5     1625.31     3.27502     0.00159486  19977.7     
Si1_27      26          9319.39     1625.63     2.73022     0.00142193  30454.3     
Si1_28      27          7467.59     1625.43     3.78403     0.00312074  6899.34     
Si1_29      28          10125.4     1627.05     3.3539      0.00180015  15468.9     
Si1_30      29          9177.23     1627.83     2.98883     0.00161679  26344.1     
Si1_31      30          9226.35     1627.12     3.40808     0.00153561  25645.3     
Si1_32      31          10126.3     1626.96     3.19249     0.0017277   19238.8     
Si1_33      32          10082.3     1628.18     3.4712      0.0020772   13214.1     
Si1_34      33          11732.6     1630.73     2.95974     0.00141252  25400.5     
Si1_35      34          11900.4     1628.86     2.81624     0.00138454  26395.9     
Si1_36      35          11952.4     1628.63     2.86714     0.00136017  28071.7     
Si1_37      36          10674.9     1632.1      3.10265     0.00159421  18759.1     
Si1_38      37          9384.05     1629.85     2.94426     0.00176438  18602.6     
Si1_39      38          9472.93     1629.52     2.82377     0.00151503  25302.8     
Si1_40      39          10101.7     1631.65     3.10436     0.00166027  20760.7     
Si1_41      40          12370.4     1630.96     3.34232     0.00156708  18740.6     
Si1_42      41          9220.13     1628.82     3.15235     0.00198462  14046.1     
Si1_43      42          9401.93     1631.31     3.02408     0.00184786  15812.4     
Si1_44      43          12770       1627.24     3.18827     0.00154178  21368.1     
Si1_45      44          12960.8     1623.65     3.41049     0.00167377  17687.3     
Si1_46      45          11871.1     1631.69     3.14912     0.00150984  19045.7     
Si1_47      46          10913.1     1622.65     3.08052     0.0016643   17896.5     
Si1_48      47          9965.54     1630.95     3.19941     0.00180184  16116.6     
Si2_1       16777216    10939.6     1626.54     1.63408     0.00135657  13352.1     
Si2_2       16777217    10203.7     1625.74     4.21105     0.00254895  8677.47     
Si2_3       16777218    11619.5     1626.02     3.27541     0.00153275  23219.1     
Si2_4       16777219    11890.2     1626.13     3.61579     0.00177734  16937.8     
Si2_5       16777220    11394.9     1627.62     3.67328     0.00182812  16309.7     
Si2_6       16777221    11306.2     1618.85     3.87523     0.00198963  12621.9     
Si2_7       16777222    12232.4     1626.91     3.84245     0.00178357  16323.4     
Si2_8       16777223    10862.9     1624.39     4.18866     0.0022906   11321       
Si2_9       16777224    11325.1     1618.32     3.64041     0.0017515   17851.2     
Si2_10      16777225    10716       1626.52     4.1008      0.00205032  12369.7     
Si2_11      16777226    11225       1616.09     4.42413     0.00234688  10262       
Si2_12      16777227    11515.5     1627.39     3.96314     0.00188892  14388.2     
Si2_13      16777228    10966.3     1623.55     3.73765     0.00185018  16146.7     
Si2_14      16777229    11218.2     1623.87     3.42732     0.00161116  19416       
Si2_15      16777230    11514.5     1627.95     3.78603     0.00178431  16535.8     
Si2_16      16777231    11601.6     1617.35     4.25853     0.00202895  12061.2     
Si2_17      16777232    10732.3     1616.4      5.71563     0.00319812  4481.6      
Si2_18      16777233    11492.4     1607.22     5.16789     0.00269087  6552.53     
Si2_19      16777234    12538.3     1608.34     5.18253     0.00253022  7593.29     
Si2_20      16777235    12912.3     1616.96     5.35526     0.00262466  6669.53     
Si2_21      16777236    13075.1     1618.92     5.35707     0.00251375  7800.35     
Si2_22      16777237    12121.8     1617.6      4.78593     0.00236172  8574.44     
Si2_23      16777238    11929.1     1618.69     5.52767     0.00283961  5735.82     
Si2_24      16777239    12539.7     1615.18     5.46093     0.00267544  6348.16     
Si2_25      16777240    11517.8     1616.48     5.07771     0.00262635  7383.85     
Si2_26      16777241    11365.8     1616.54     4.7159      0.00237645  9470.61     
Si2_27      16777242    12373.1     1615.73     5.3955      0.00269048  6746.56     
Si2_28      16777243    12089.7     1616.69     5.28031     0.00260238  6741.64     
Si2_29      16777244    13660.6     1613.56     5.30678     0.00244359  8283.41     
Si2_30      16777245    12290.4     1615.52     5.47249     0.00276016  6365.7      
Si2_31      16777246    11734.3     1616.74     5.69421     0.00296629  6046.37     
Si2_32      16777247    11439.4     1608.51     6.72853     0.00361199  3585.81     
Si2_33      16777248    10785.2     1633.95     7.98838     0.00407017  2750.31     
Si2_34      16777249    9561.63     1633.51     8.80475     0.00547981  1780.68     
Si2_35      16777250    10059.8     1632.9      3.88538     0.00229778  8519.4      
Si2_36      16777251    12034.6     1621.93     4.78764     0.00227733  7680.4      
Si2_37      16777252    10774.1     1636.7      3.95246     0.00209053  11013.5     
Si2_38      16777253    10827       1627.84     3.8185      0.00206136  10378.7     
